Randomly Obtained Centroids in k-means:
[0.0, 0.0, 0.0, 0.0, 0.0, 0.0, 0.0, 0.0, 0.0, 0.0, 0.0, 0.0, 0.0, 0.0, 0.0, 0.0, 0.0, 0.0, 0.0, 0.0, 0.0, 0.0, 0.0, 0.0, 0.0, 0.0, 0.0, 0.0, 0.0, 0.0, 0.0, 0.0, 0.0, 0.0, 0.0, 0.0, 0.0, 0.0, 0.0, 0.0, 0.0, 0.0, 0.0, 0.0, 0.0, 0.0, 0.0, 0.0, 0.0, 0.0, 0.0, 0.0, 0.0, 0.0, 1.0, 1.0, 3.0, 0.0]
[0.0, 0.0, 0.0, 0.0, 0.0, 0.0, 0.0, 0.0, 0.0, 0.0, 0.0, 1.11, 0.0, 0.0, 0.0, 0.0, 0.0, 0.0, 0.0, 0.0, 0.0, 0.0, 0.0, 0.0, 4.44, 1.66, 0.0, 1.11, 0.0, 0.0, 0.0, 0.0, 0.0, 0.0, 1.11, 0.0, 0.55, 0.0, 0.0, 0.0, 0.0, 0.0, 0.0, 0.55, 0.0, 0.0, 0.0, 0.0, 0.0, 0.0, 0.0, 0.0, 0.0, 0.0, 2.018, 12.0, 107.0, 0.0]
[0.0, 0.0, 0.0, 0.0, 0.0, 0.0, 0.0, 0.74, 0.0, 0.0, 0.0, 0.0, 0.0, 0.0, 0.0, 2.23, 0.0, 0.0, 1.49, 0.0, 0.0, 0.0, 0.0, 0.0, 0.0, 0.0, 0.0, 0.0, 0.0, 0.0, 0.0, 0.0, 0.74, 0.0, 0.0, 0.0, 0.0, 0.0, 0.0, 0.0, 0.0, 0.0, 0.0, 0.0, 0.0, 0.0, 0.0, 0.0, 0.0, 0.0, 0.0, 0.109, 0.0, 0.0, 2.263, 24.0, 86.0, 1.0]
[0.0, 0.0, 0.0, 0.0, 0.0, 0.0, 0.0, 4.62, 0.0, 0.0, 0.0, 0.0, 0.92, 0.0, 0.0, 0.0, 0.92, 0.0, 0.0, 0.0, 0.0, 0.0, 1.85, 0.0, 0.0, 0.0, 0.0, 0.0, 0.0, 0.0, 0.0, 0.0, 0.0, 0.0, 0.0, 0.0, 0.0, 0.0, 0.0, 0.0, 0.0, 0.0, 0.0, 0.0, 0.0, 0.0, 0.0, 0.0, 0.0, 0.0, 0.0, 0.919, 0.367, 0.0, 2.84, 16.0, 71.0, 1.0]
[0.0, 0.47, 0.47, 0.0, 1.89, 0.0, 1.18, 0.23, 0.0, 0.47, 0.23, 0.7, 0.23, 0.0, 0.47, 0.23, 1.41, 0.0, 2.83, 0.0, 1.65, 0.0, 0.0, 0.0, 0.0, 0.0, 0.0, 0.0, 0.0, 0.0, 0.0, 0.0, 0.0, 0.0, 0.0, 0.0, 0.0, 0.0, 0.0, 0.0, 0.0, 0.0, 0.0, 0.0, 0.0, 0.0, 0.0, 0.0, 0.0, 0.0, 0.0, 0.08, 0.0, 0.0, 1.844, 13.0, 83.0, 1.0]
[0.0, 0.0, 0.0, 0.0, 0.67, 0.0, 2.01, 0.0, 0.0, 0.0, 0.0, 0.0, 0.0, 0.0, 0.0, 0.0, 0.0, 2.01, 1.34, 0.67, 2.01, 0.0, 0.0, 0.0, 0.0, 0.0, 0.0, 0.0, 0.0, 0.0, 0.0, 0.0, 0.0, 0.0, 0.0, 0.0, 0.0, 0.0, 0.0, 0.0, 0.0, 0.0, 0.0, 0.0, 0.0, 0.0, 0.0, 0.0, 0.0, 0.0, 0.0, 0.305, 0.0, 0.0, 2.162, 14.0, 93.0, 1.0]
[0.0, 0.0, 0.0, 0.0, 0.0, 1.88, 0.0, 0.0, 0.0, 0.0, 0.0, 0.0, 0.0, 0.0, 0.0, 0.0, 0.0, 0.0, 3.77, 0.0, 1.88, 0.0, 0.0, 0.0, 0.0, 0.0, 0.0, 0.0, 0.0, 0.0, 0.0, 0.0, 0.0, 0.0, 0.0, 0.0, 0.0, 0.0, 0.0, 0.0, 0.0, 0.0, 0.0, 0.0, 0.0, 0.0, 0.0, 0.0, 0.0, 0.0, 0.0, 0.0, 0.0, 0.0, 2.307, 16.0, 30.0, 1.0]
[0.0, 0.0, 0.0, 0.0, 0.0, 0.0, 0.0, 0.0, 0.0, 0.0, 0.0, 0.0, 0.0, 0.0, 0.0, 0.0, 0.0, 0.0, 0.95, 0.0, 0.0, 0.0, 0.0, 0.0, 0.95, 0.0, 0.0, 0.0, 0.0, 0.0, 0.0, 0.0, 0.95, 0.0, 0.0, 0.0, 0.0, 0.0, 0.0, 0.0, 0.0, 0.0, 0.0, 1.9, 0.0, 0.0, 0.0, 0.0, 0.263, 0.394, 0.0, 0.0, 0.0, 0.0, 2.142, 5.0, 45.0, 0.0]
[0.0, 0.0, 0.0, 0.0, 0.0, 0.0, 0.0, 0.0, 0.0, 0.0, 0.0, 0.0, 0.0, 0.0, 0.0, 0.0, 0.0, 0.0, 2.63, 0.0, 0.0, 0.0, 0.0, 0.0, 2.63, 0.0, 0.0, 0.0, 0.0, 0.0, 2.63, 0.0, 0.0, 0.0, 0.0, 0.0, 0.0, 0.0, 0.0, 0.0, 0.0, 0.0, 0.0, 0.0, 0.0, 0.0, 0.0, 0.0, 0.0, 0.248, 0.0, 0.0, 0.0, 0.0, 4.166, 14.0, 50.0, 0.0]
[0.0, 0.0, 0.0, 0.0, 0.58, 0.0, 0.0, 0.0, 0.0, 0.0, 0.0, 0.0, 0.0, 0.0, 0.0, 0.0, 0.0, 0.0, 0.58, 0.0, 0.0, 0.0, 0.0, 0.0, 0.58, 0.58, 0.0, 0.0, 0.0, 0.0, 0.0, 0.0, 0.0, 0.0, 0.0, 1.16, 1.74, 0.0, 0.58, 0.0, 0.0, 0.0, 0.58, 0.0, 0.0, 0.0, 0.0, 1.74, 0.0, 0.0, 0.118, 0.0, 0.0, 0.0, 6.428, 98.0, 315.0, 0.0]